id,series_key,unit,as_of_date,published_date,retrieved_at,url,content_hash,http_status,source_id,tier,audited_vs_reported,extraction_method,extractor_version,raw_snippet,value_numeric,value_text,value_low,value_high,period_start,entity_id,run_rate_vs_booked,gross_vs_net,disputed,dispute_text,note,review_status,reviewer_id,supersedes_id
7c09d0cc0c7b8ed3,epoch_bench.codex_mini_2025_05_16.arc_agi_2.pt,share,2025-05-16,2025-05-16,2026-09-10T06:33:11.514623Z,https://epoch.ai/data/benchmark_data.zip,cde2f74ecf0024a84581d8330fa4371bd5919e777b61d02f80356c84c4207853,200,epoch_bench,6,reported,api,epoch_bench-1,"{""Cost per task"": ""0.23"", ""Model version"": ""codex-mini-2025-05-16"", ""Name"": ""Codex Mini (Latest)"", ""Organization"": """", ""Release date"": ""2025-05-16"", ""Score"": ""0.012700000000000001""}",0.012700000000000001,,,,,,,,False,,,approved,,
